주파수 (Hz)	레벨 (dB)
23.437500	-98.130394
46.875000	-84.004852
70.312500	-69.357574
93.750000	-61.167419
117.187500	-59.888309
140.625000	-56.383869
164.062500	-54.420113
187.500000	-51.352894
210.937500	-50.885010
234.375000	-51.120907
257.812500	-50.814014
281.250000	-51.628277
304.687500	-51.139351
328.125000	-50.491772
351.562500	-50.998093
375.000000	-48.757351
398.437500	-46.255013
421.875000	-49.599281
445.312500	-50.296757
468.750000	-47.202831
492.187500	-50.631706
515.625000	-51.098289
539.062500	-52.370430
562.500000	-55.178082
585.937500	-50.778591
609.375000	-50.812397
632.812500	-50.558376
656.250000	-47.000000
679.687500	-47.277611
703.125000	-46.350651
726.562500	-52.435711
750.000000	-61.746265
773.437500	-56.356552
796.875000	-55.088661
820.312500	-56.846798
843.750000	-57.646519
867.187500	-56.670033
890.625000	-54.794628
914.062500	-62.439640
937.500000	-64.172546
960.937500	-67.449005
984.375000	-63.188728
1007.812500	-65.043510
1031.250000	-65.011391
1054.687500	-61.525013
1078.125000	-66.943497
1101.562500	-69.463158
1125.000000	-72.014961
1148.437500	-67.151024
1171.875000	-56.010178
1195.312500	-56.195450
1218.750000	-66.395538
1242.187500	-60.913811
1265.625000	-61.407051
1289.062500	-68.887100
1312.500000	-66.050842
1335.937500	-67.373482
1359.375000	-69.310188
1382.812500	-64.769875
1406.250000	-63.151474
1429.687500	-67.958244
1453.125000	-71.560013
1476.562500	-70.332420
1500.000000	-70.422997
1523.437500	-73.784714
1546.875000	-70.162079
1570.312500	-64.337234
1593.750000	-65.883484
1617.187500	-75.782150
1640.625000	-73.732864
1664.062500	-67.650307
1687.500000	-68.829033
1710.937500	-76.707916
1734.375000	-76.075371
1757.812500	-68.991219
1781.250000	-66.903389
1804.687500	-73.277214
1828.125000	-77.549454
1851.562500	-72.850815
1875.000000	-66.331062
1898.437500	-67.542641
1921.875000	-76.267540
1945.312500	-74.474876
1968.750000	-71.687149
1992.187500	-69.670563
2015.625000	-73.612953
2039.062500	-79.329666
2062.500000	-77.007988
2085.937500	-74.009956
2109.375000	-70.896187
2132.812500	-72.919334
2156.250000	-81.623833
2179.687500	-79.994606
2203.125000	-76.884117
2226.562500	-76.672279
2250.000000	-78.785614
2273.437500	-82.692322
2296.875000	-84.290237
2320.312500	-79.343712
2343.750000	-76.495728
2367.187500	-70.973885
2390.625000	-70.650795
2414.062500	-79.389893
2437.500000	-82.723938
2460.937500	-82.662292
2484.375000	-78.313171
2507.812500	-75.117828
2531.250000	-73.534088
2554.687500	-80.002808
2578.125000	-84.486115
2601.562500	-82.757118
2625.000000	-84.690506
2648.437500	-78.777603
2671.875000	-74.338654
2695.312500	-77.628578
2718.750000	-86.341347
2742.187500	-87.979858
2765.625000	-84.923683
2789.062500	-79.896736
2812.500000	-77.366814
2835.937500	-72.336090
2859.375000	-75.308350
2882.812500	-83.884682
2906.250000	-84.979767
2929.687500	-83.573753
2953.125000	-77.531715
2976.562500	-76.325523
3000.000000	-76.053146
3023.437500	-77.791748
3046.875000	-84.333557
3070.312500	-87.034843
3093.750000	-80.407684
3117.187500	-80.658684
3140.625000	-78.381721
3164.062500	-80.428673
3187.500000	-77.515884
3210.937500	-78.968369
3234.375000	-84.890427
3257.812500	-92.160645
3281.250000	-84.479233
3304.687500	-83.099075
3328.125000	-85.016792
3351.562500	-83.643990
3375.000000	-81.320236
3398.437500	-83.060860
3421.875000	-87.720169
3445.312500	-92.512230
3468.750000	-91.062111
3492.187500	-88.417572
3515.625000	-89.592896
3539.062500	-87.298950
3562.500000	-86.084534
3585.937500	-84.757027
3609.375000	-84.083572
3632.812500	-87.795204
3656.250000	-93.447029
3679.687500	-97.690720
3703.125000	-98.876877
3726.562500	-99.680679
3750.000000	-90.927505
3773.437500	-86.728119
3796.875000	-89.729897
3820.312500	-86.813515
3843.750000	-84.598991
3867.187500	-87.037354
3890.625000	-95.703529
3914.062500	-93.545906
3937.500000	-93.310234
3960.937500	-95.881989
3984.375000	-92.307236
4007.812500	-89.017616
4031.250000	-91.577400
4054.687500	-89.476791
4078.125000	-85.005806
4101.562500	-86.394394
4125.000000	-96.439293
4148.437500	-100.126892
4171.875000	-96.839554
4195.312500	-90.582680
4218.750000	-86.200844
4242.187500	-81.716705
4265.625000	-84.887474
4289.062500	-90.518738
4312.500000	-87.137413
4335.937500	-82.012505
4359.375000	-83.710938
4382.812500	-94.362411
4406.250000	-100.719620
4429.687500	-100.438347
4453.125000	-97.146446
4476.562500	-92.710732
4500.000000	-90.923431
4523.437500	-91.572388
4546.875000	-91.960564
4570.312500	-95.926422
4593.750000	-97.124573
4617.187500	-96.580772
4640.625000	-100.136566
4664.062500	-100.099922
4687.500000	-98.689377
4710.937500	-100.304276
4734.375000	-94.962036
4757.812500	-88.705894
4781.250000	-89.535080
4804.687500	-96.825027
4828.125000	-95.938072
4851.562500	-93.662643
4875.000000	-91.593628
4898.437500	-92.812439
4921.875000	-92.254921
4945.312500	-92.033714
4968.750000	-98.712685
4992.187500	-103.174568
5015.625000	-103.854485
5039.062500	-96.589798
5062.500000	-88.198425
5085.937500	-90.148582
5109.375000	-99.224197
5132.812500	-92.639694
5156.250000	-89.898254
5179.687500	-93.961319
5203.125000	-100.077309
5226.562500	-98.629684
5250.000000	-98.243057
5273.437500	-100.378967
5296.875000	-104.887703
5320.312500	-105.177193
5343.750000	-102.585091
5367.187500	-99.684746
5390.625000	-99.126022
5414.062500	-102.114220
5437.500000	-99.175880
5460.937500	-95.759567
5484.375000	-94.894157
5507.812500	-98.034416
5531.250000	-101.662628
5554.687500	-96.783714
5578.125000	-96.331413
5601.562500	-98.662979
5625.000000	-100.210571
5648.437500	-107.102013
5671.875000	-106.074669
5695.312500	-99.092735
5718.750000	-95.335373
5742.187500	-99.046356
5765.625000	-102.412064
5789.062500	-105.170860
5812.500000	-96.203415
5835.937500	-90.605370
5859.375000	-93.523705
5882.812500	-102.062927
5906.250000	-103.464294
5929.687500	-101.537849
5953.125000	-100.654678
5976.562500	-99.593102
6000.000000	-102.321495
6023.437500	-107.088737
6046.875000	-104.327774
6070.312500	-99.696983
6093.750000	-96.242416
6117.187500	-99.393417
6140.625000	-103.729584
6164.062500	-95.853584
6187.500000	-90.668282
6210.937500	-93.711533
6234.375000	-102.888947
6257.812500	-102.062263
6281.250000	-96.632362
6304.687500	-98.382973
6328.125000	-102.107559
6351.562500	-103.835472
6375.000000	-101.659447
6398.437500	-102.870682
6421.875000	-106.428421
6445.312500	-103.527893
6468.750000	-97.334541
6492.187500	-96.908073
6515.625000	-98.705971
6539.062500	-103.724205
6562.500000	-104.533859
6585.937500	-100.663773
6609.375000	-96.976059
6632.812500	-99.240547
6656.250000	-104.550323
6679.687500	-100.144341
6703.125000	-101.680756
6726.562500	-102.815262
6750.000000	-103.249199
6773.437500	-103.692932
6796.875000	-107.467308
6820.312500	-107.070015
6843.750000	-110.744736
6867.187500	-113.713882
6890.625000	-110.137932
6914.062500	-109.329750
6937.500000	-112.164024
6960.937500	-111.956711
6984.375000	-108.688721
7007.812500	-102.910683
7031.250000	-98.009857
7054.687500	-98.980759
7078.125000	-106.368103
7101.562500	-112.854256
7125.000000	-107.801437
7148.437500	-107.781639
7171.875000	-110.602058
7195.312500	-107.650627
7218.750000	-107.203827
7242.187500	-112.453934
7265.625000	-113.291954
7289.062500	-114.880386
7312.500000	-115.544884
7335.937500	-113.332726
7359.375000	-112.414711
7382.812500	-114.563713
7406.250000	-113.582138
7429.687500	-111.732330
7453.125000	-107.743118
7476.562500	-100.738754
7500.000000	-97.103172
7523.437500	-96.657799
7546.875000	-100.608772
7570.312500	-109.236046
7593.750000	-109.007469
7617.187500	-106.526070
7640.625000	-108.622086
7664.062500	-107.882690
7687.500000	-103.874199
7710.937500	-108.405075
7734.375000	-113.751678
7757.812500	-115.099663
7781.250000	-114.603310
7804.687500	-114.493637
7828.125000	-111.208603
7851.562500	-102.563141
7875.000000	-103.459930
7898.437500	-111.885071
7921.875000	-113.681419
7945.312500	-113.772476
7968.750000	-113.468575
7992.187500	-110.589584
8015.625000	-108.611496
8039.062500	-111.555817
8062.500000	-112.601379
8085.937500	-113.009567
8109.375000	-114.168510
8132.812500	-114.853394
8156.250000	-114.970345
8179.687500	-114.217674
8203.125000	-111.243324
8226.562500	-111.643257
8250.000000	-112.630722
8273.437500	-112.090042
8296.875000	-113.298851
8320.312500	-107.684143
8343.750000	-106.197227
8367.187500	-110.616524
8390.625000	-114.276283
8414.062500	-114.691208
8437.500000	-111.551758
8460.937500	-112.431000
8484.375000	-114.549355
8507.812500	-104.892311
8531.250000	-100.637222
8554.687500	-101.793152
8578.125000	-105.226883
8601.562500	-111.774269
8625.000000	-115.496376
8648.437500	-116.047668
8671.875000	-116.582787
8695.312500	-117.581528
8718.750000	-116.875069
8742.187500	-114.424866
8765.625000	-113.674210
8789.062500	-113.207024
8812.500000	-113.589302
8835.937500	-113.591911
8859.375000	-114.914459
8882.812500	-115.185387
8906.250000	-117.198479
8929.687500	-118.499084
8953.125000	-119.048637
8976.562500	-116.701759
9000.000000	-110.103348
9023.437500	-108.598244
9046.875000	-110.675407
9070.312500	-112.885399
9093.750000	-112.900497
9117.187500	-113.828804
9140.625000	-115.803070
9164.062500	-118.888527
9187.500000	-119.247078
9210.937500	-118.434677
9234.375000	-116.967995
9257.812500	-117.446945
9281.250000	-117.609695
9304.687500	-118.309639
9328.125000	-120.734650
9351.562500	-117.839668
9375.000000	-112.248596
9398.437500	-110.003502
9421.875000	-109.714699
9445.312500	-110.953156
9468.750000	-113.489296
9492.187500	-114.539825
9515.625000	-116.480385
9539.062500	-117.962151
9562.500000	-117.512993
9585.937500	-112.613617
9609.375000	-111.174591
9632.812500	-111.750252
9656.250000	-114.443321
9679.687500	-117.116394
9703.125000	-117.126877
9726.562500	-117.899376
9750.000000	-119.973015
9773.437500	-119.488586
9796.875000	-120.555565
9820.312500	-121.041565
9843.750000	-118.525063
9867.187500	-116.625618
9890.625000	-117.759438
9914.062500	-121.362648
9937.500000	-119.665871
9960.937500	-119.895737
9984.375000	-119.176712
10007.812500	-115.207413
10031.250000	-109.984177
10054.687500	-108.931786
10078.125000	-110.695755
10101.562500	-113.284088
10125.000000	-114.228264
10148.437500	-115.498161
10171.875000	-117.233498
10195.312500	-119.524307
10218.750000	-121.129913
10242.187500	-119.011246
10265.625000	-118.158234
10289.062500	-118.597221
10312.500000	-119.497375
10335.937500	-118.769669
10359.375000	-118.873779
10382.812500	-119.006538
10406.250000	-116.485214
10429.687500	-113.088997
10453.125000	-112.461136
10476.562500	-115.989388
10500.000000	-117.604507
10523.437500	-117.154007
10546.875000	-116.718231
10570.312500	-117.021538
10593.750000	-117.879860
10617.187500	-120.030899
10640.625000	-120.301376
10664.062500	-118.209900
10687.500000	-117.590584
10710.937500	-115.383064
10734.375000	-116.018768
10757.812500	-117.303223
10781.250000	-117.124947
10804.687500	-117.227364
10828.125000	-117.688049
10851.562500	-118.542122
10875.000000	-119.715248
10898.437500	-119.908936
10921.875000	-120.769928
10945.312500	-121.662567
10968.750000	-121.257645
10992.187500	-121.613487
11015.625000	-118.346245
11039.062500	-117.894020
11062.500000	-119.084229
11085.937500	-119.271492
11109.375000	-117.459969
11132.812500	-116.270950
11156.250000	-117.782135
11179.687500	-119.372131
11203.125000	-116.737206
11226.562500	-115.832680
11250.000000	-118.207802
11273.437500	-120.843895
11296.875000	-122.858200
11320.312500	-121.744576
11343.750000	-120.358353
11367.187500	-121.116203
11390.625000	-120.718346
11414.062500	-121.118614
11437.500000	-121.012436
11460.937500	-120.497116
11484.375000	-119.802734
11507.812500	-120.597626
11531.250000	-123.502632
11554.687500	-125.459999
11578.125000	-125.859352
11601.562500	-124.669579
11625.000000	-124.149818
11648.437500	-124.702576
11671.875000	-125.424049
11695.312500	-125.606346
11718.750000	-123.901794
11742.187500	-122.801743
11765.625000	-124.645302
11789.062500	-125.666779
11812.500000	-125.523643
11835.937500	-126.092392
11859.375000	-126.046181
11882.812500	-125.056091
11906.250000	-124.097717
11929.687500	-124.386269
11953.125000	-122.657898
11976.562500	-122.499992
12000.000000	-123.001137
12023.437500	-120.936676
12046.875000	-121.424942
12070.312500	-123.568672
12093.750000	-124.166779
12117.187500	-125.333473
12140.625000	-125.771782
12164.062500	-124.282867
12187.500000	-123.565933
12210.937500	-123.058327
12234.375000	-119.423973
12257.812500	-120.077881
12281.250000	-123.822205
12304.687500	-123.247818
12328.125000	-124.038498
12351.562500	-125.159172
12375.000000	-124.977577
12398.437500	-125.380020
12421.875000	-125.916183
12445.312500	-125.890572
12468.750000	-126.112679
12492.187500	-126.266113
12515.625000	-126.296967
12539.062500	-126.501022
12562.500000	-126.427673
12585.937500	-125.703232
12609.375000	-124.138145
12632.812500	-124.398582
12656.250000	-125.854294
12679.687500	-126.041199
12703.125000	-126.087708
12726.562500	-126.023918
12750.000000	-126.841057
12773.437500	-126.774361
12796.875000	-126.349091
12820.312500	-125.901230
12843.750000	-126.410233
12867.187500	-126.613014
12890.625000	-126.376968
12914.062500	-126.281288
12937.500000	-126.543968
12960.937500	-126.450020
12984.375000	-126.303696
13007.812500	-125.133041
13031.250000	-124.205307
13054.687500	-125.929924
13078.125000	-126.383598
13101.562500	-126.420601
13125.000000	-126.685402
13148.437500	-125.795364
13171.875000	-125.282265
13195.312500	-122.903046
13218.750000	-122.621117
13242.187500	-124.614166
13265.625000	-125.018890
13289.062500	-125.318001
13312.500000	-126.507141
13335.937500	-126.757935
13359.375000	-126.581367
13382.812500	-126.087112
13406.250000	-125.788811
13429.687500	-125.615120
13453.125000	-124.953529
13476.562500	-123.630379
13500.000000	-124.546974
13523.437500	-124.495575
13546.875000	-125.166420
13570.312500	-125.800697
13593.750000	-126.825615
13617.187500	-127.410866
13640.625000	-127.281509
13664.062500	-125.471832
13687.500000	-124.504028
13710.937500	-125.702560
13734.375000	-126.345001
13757.812500	-126.801231
13781.250000	-127.048576
13804.687500	-126.540344
13828.125000	-127.051880
13851.562500	-127.279930
13875.000000	-127.319443
13898.437500	-127.337082
13921.875000	-127.190536
13945.312500	-127.173347
13968.750000	-127.095573
13992.187500	-127.089424
14015.625000	-126.138206
14039.062500	-125.053032
14062.500000	-126.650955
14085.937500	-127.320145
14109.375000	-126.995033
14132.812500	-126.928856
14156.250000	-126.984749
14179.687500	-127.301796
14203.125000	-127.329330
14226.562500	-127.338799
14250.000000	-127.492928
14273.437500	-127.628868
14296.875000	-127.685600
14320.312500	-127.562134
14343.750000	-127.585205
14367.187500	-127.500557
14390.625000	-127.798218
14414.062500	-127.844780
14437.500000	-127.491074
14460.937500	-127.277321
14484.375000	-127.266396
14507.812500	-127.415672
14531.250000	-126.254890
14554.687500	-125.773758
14578.125000	-126.764122
14601.562500	-127.193138
14625.000000	-127.247208
14648.437500	-126.415031
14671.875000	-124.231461
14695.312500	-124.007385
14718.750000	-124.469246
14742.187500	-125.397690
14765.625000	-126.972298
14789.062500	-127.567406
14812.500000	-127.759560
14835.937500	-127.676834
14859.375000	-127.684952
14882.812500	-127.728317
14906.250000	-128.040604
14929.687500	-127.905640
14953.125000	-127.669838
14976.562500	-127.590759
15000.000000	-127.356689
15023.437500	-127.201881
15046.875000	-127.094124
15070.312500	-127.219131
15093.750000	-127.281197
15117.187500	-127.306839
15140.625000	-126.769455
15164.062500	-126.548355
15187.500000	-126.154686
15210.937500	-126.535118
15234.375000	-127.586174
15257.812500	-127.904312
15281.250000	-128.010040
15304.687500	-128.228989
15328.125000	-128.282303
15351.562500	-128.210892
15375.000000	-128.104218
15398.437500	-128.027374
15421.875000	-127.889427
15445.312500	-127.860298
15468.750000	-127.753922
15492.187500	-127.745857
15515.625000	-128.007980
15539.062500	-128.160202
15562.500000	-127.990433
15585.937500	-127.953491
15609.375000	-127.765915
15632.812500	-127.560783
15656.250000	-127.514740
15679.687500	-127.474831
15703.125000	-127.519241
15726.562500	-127.582832
15750.000000	-127.612915
15773.437500	-127.383934
15796.875000	-127.152306
15820.312500	-127.521835
15843.750000	-127.922028
15867.187500	-128.029907
15890.625000	-127.989105
15914.062500	-127.853088
15937.500000	-127.311707
15960.937500	-126.927681
15984.375000	-127.145096
16007.812500	-127.008995
16031.250000	-127.102165
16054.687500	-127.573166
16078.125000	-127.959419
16101.562500	-128.296997
16125.000000	-128.255859
16148.437500	-128.153610
16171.875000	-128.078110
16195.312500	-128.016693
16218.750000	-128.123856
16242.187500	-128.114853
16265.625000	-128.035309
16289.062500	-127.974037
16312.500000	-128.104538
16335.937500	-128.209686
16359.375000	-128.147308
16382.812500	-128.131470
16406.250000	-128.219940
16429.687500	-128.177094
16453.125000	-128.293716
16476.562500	-128.350647
16500.000000	-128.201050
16523.437500	-128.298553
16546.875000	-128.195663
16570.312500	-128.098740
16593.750000	-128.103409
16617.187500	-128.129288
16640.625000	-128.041748
16664.062500	-128.142822
16687.500000	-128.120987
16710.937500	-128.074524
16734.375000	-128.191742
16757.812500	-128.139938
16781.250000	-128.066650
16804.687500	-128.100449
16828.125000	-128.138962
16851.562500	-128.214432
16875.000000	-128.262054
16898.437500	-128.278595
16921.875000	-128.251236
16945.312500	-128.231964
16968.750000	-128.305862
16992.187500	-128.338028
17015.625000	-128.286255
17039.062500	-128.301392
17062.500000	-128.281723
17085.937500	-128.267197
17109.375000	-128.233261
17132.812500	-128.113190
17156.250000	-127.874237
17179.687500	-127.759399
17203.125000	-127.696358
17226.562500	-127.292732
17250.000000	-127.291695
17273.437500	-127.365875
17296.875000	-127.648247
17320.312500	-127.908470
17343.750000	-128.118164
17367.187500	-128.312744
17390.625000	-128.232895
17414.062500	-128.302231
17437.500000	-128.367722
17460.937500	-128.394241
17484.375000	-128.392242
17507.812500	-128.345062
17531.250000	-128.429749
17554.687500	-128.264679
17578.125000	-128.265640
17601.562500	-128.352280
17625.000000	-128.258667
17648.437500	-128.380432
17671.875000	-128.442993
17695.312500	-128.427277
17718.750000	-128.365143
17742.187500	-128.310379
17765.625000	-128.355316
17789.062500	-128.359741
17812.500000	-128.341675
17835.937500	-128.326370
17859.375000	-128.407074
17882.812500	-128.425705
17906.250000	-128.354553
17929.687500	-128.412567
17953.125000	-128.318298
17976.562500	-128.172180
18000.000000	-127.871284
18023.437500	-128.117798
18046.875000	-128.230972
18070.312500	-128.315689
18093.750000	-128.373001
18117.187500	-128.441345
18140.625000	-128.414169
18164.062500	-128.363022
18187.500000	-128.355560
18210.937500	-128.364456
18234.375000	-128.374908
18257.812500	-128.374771
18281.250000	-128.396866
18304.687500	-128.391495
18328.125000	-128.413269
18351.562500	-128.428848
18375.000000	-128.364120
18398.437500	-128.412384
18421.875000	-128.441925
18445.312500	-128.404922
18468.750000	-128.358994
18492.187500	-128.192963
18515.625000	-128.292755
18539.062500	-128.112595
18562.500000	-127.895157
18585.937500	-127.631195
18609.375000	-127.637306
18632.812500	-127.939697
18656.250000	-128.117935
18679.687500	-128.261688
18703.125000	-128.171524
18726.562500	-128.235596
18750.000000	-128.287155
18773.437500	-128.327286
18796.875000	-128.407074
18820.312500	-128.488113
18843.750000	-128.502670
18867.187500	-128.418884
18890.625000	-128.395721
18914.062500	-128.402069
18937.500000	-128.352356
18960.937500	-128.283493
18984.375000	-128.348679
19007.812500	-128.389465
19031.250000	-128.292694
19054.687500	-128.291412
19078.125000	-128.114410
19101.562500	-127.856415
19125.000000	-127.533073
19148.437500	-126.653137
19171.875000	-125.474007
19195.312500	-124.093224
19218.750000	-123.425110
19242.187500	-124.548805
19265.625000	-126.206360
19289.062500	-126.159668
19312.500000	-126.090256
19335.937500	-126.268677
19359.375000	-126.382271
19382.812500	-126.979080
19406.250000	-127.410950
19429.687500	-127.639465
19453.125000	-127.879005
19476.562500	-127.827240
19500.000000	-127.583824
19523.437500	-128.105560
19546.875000	-128.184143
19570.312500	-128.103699
19593.750000	-128.208160
19617.187500	-128.191971
19640.625000	-128.260208
19664.062500	-128.206543
19687.500000	-128.165451
19710.937500	-128.185989
19734.375000	-128.239471
19757.812500	-128.394165
19781.250000	-128.289307
19804.687500	-128.203873
19828.125000	-128.201706
19851.562500	-128.251831
19875.000000	-128.347015
19898.437500	-128.253433
19921.875000	-128.313004
19945.312500	-128.340210
19968.750000	-128.252487
19992.187500	-128.185074
20015.625000	-128.186584
20039.062500	-128.170074
20062.500000	-128.186676
20085.937500	-128.302200
20109.375000	-128.011887
20132.812500	-127.160797
20156.250000	-127.946465
20179.687500	-128.292099
20203.125000	-128.313293
20226.562500	-128.348434
20250.000000	-128.401184
20273.437500	-128.344711
20296.875000	-128.338394
20320.312500	-128.367859
20343.750000	-128.413712
20367.187500	-128.409607
20390.625000	-128.388290
20414.062500	-128.395004
20437.500000	-128.475769
20460.937500	-128.443069
20484.375000	-128.327850
20507.812500	-128.360672
20531.250000	-128.334427
20554.687500	-128.386856
20578.125000	-128.304245
20601.562500	-128.249207
20625.000000	-128.293518
20648.437500	-128.250885
20671.875000	-128.302399
20695.312500	-128.394135
20718.750000	-128.453125
20742.187500	-128.366318
20765.625000	-128.375351
20789.062500	-128.481873
20812.500000	-128.435226
20835.937500	-128.421768
20859.375000	-128.454971
20882.812500	-128.453217
20906.250000	-128.433609
20929.687500	-128.414810
20953.125000	-128.376343
20976.562500	-128.255844
21000.000000	-128.016083
21023.437500	-128.171707
21046.875000	-128.218155
21070.312500	-128.291779
21093.750000	-128.246017
21117.187500	-128.297958
21140.625000	-128.249130
21164.062500	-128.205200
21187.500000	-128.408768
21210.937500	-128.335281
21234.375000	-128.436768
21257.812500	-128.468491
21281.250000	-128.515137
21304.687500	-128.526245
21328.125000	-128.436462
21351.562500	-128.448822
21375.000000	-128.434326
21398.437500	-128.543869
21421.875000	-128.500641
21445.312500	-128.410828
21468.750000	-128.471298
21492.187500	-128.380280
21515.625000	-128.421143
21539.062500	-128.455063
21562.500000	-128.410431
21585.937500	-128.429398
21609.375000	-128.426636
21632.812500	-128.486191
21656.250000	-128.465546
21679.687500	-128.464294
21703.125000	-128.458008
21726.562500	-128.433853
21750.000000	-128.445282
21773.437500	-128.491562
21796.875000	-128.516968
21820.312500	-128.477005
21843.750000	-128.492294
21867.187500	-128.559250
21890.625000	-128.438065
21914.062500	-128.444382
21937.500000	-128.481232
21960.937500	-128.388031
21984.375000	-128.399094
22007.812500	-128.465210
22031.250000	-128.499817
22054.687500	-128.481064
22078.125000	-128.367416
22101.562500	-128.420303
22125.000000	-128.499496
22148.437500	-128.408508
22171.875000	-128.352997
22195.312500	-128.393723
22218.750000	-128.430191
22242.187500	-128.348679
22265.625000	-128.328857
22289.062500	-128.354065
22312.500000	-128.361450
22335.937500	-128.274506
22359.375000	-128.249451
22382.812500	-128.365173
22406.250000	-128.357513
22429.687500	-128.391266
22453.125000	-128.379395
22476.562500	-128.306458
22500.000000	-128.193115
22523.437500	-128.315689
22546.875000	-128.449860
22570.312500	-128.425781
22593.750000	-128.430435
22617.187500	-128.415741
22640.625000	-128.384857
22664.062500	-128.393707
22687.500000	-128.284119
22710.937500	-128.246277
22734.375000	-128.291061
22757.812500	-128.174149
22781.250000	-128.320526
22804.687500	-128.320953
22828.125000	-128.291245
22851.562500	-128.315811
22875.000000	-128.336349
22898.437500	-128.345932
22921.875000	-128.251785
22945.312500	-128.245590
22968.750000	-128.262238
22992.187500	-128.259109
23015.625000	-128.342987
23039.062500	-128.318726
23062.500000	-128.268967
23085.937500	-128.315247
23109.375000	-128.407349
23132.812500	-128.395401
23156.250000	-128.344574
23179.687500	-128.394989
23203.125000	-128.369553
23226.562500	-128.412140
23250.000000	-128.451767
23273.437500	-128.391983
23296.875000	-128.396362
23320.312500	-128.412796
23343.750000	-128.386276
23367.187500	-128.289368
23390.625000	-128.323486
23414.062500	-128.384552
23437.500000	-128.335861
23460.937500	-128.281601
23484.375000	-128.266953
23507.812500	-128.327194
23531.250000	-128.334229
23554.687500	-128.373627
23578.125000	-128.378799
23601.562500	-128.349503
23625.000000	-128.296417
23648.437500	-128.325790
23671.875000	-128.310150
23695.312500	-128.297760
23718.750000	-128.341721
23742.187500	-128.360748
23765.625000	-128.374603
23789.062500	-128.399490
23812.500000	-128.438034
23835.937500	-128.451050
23859.375000	-128.449448
23882.812500	-128.379349
23906.250000	-128.369858
23929.687500	-128.353149
23953.125000	-128.325806
23976.562500	-128.398438
24000.000000	-128.249908
24023.437500	-128.317566
24046.875000	-128.370468
24070.312500	-128.385910
24093.750000	-128.462738
24117.187500	-128.427170
24140.625000	-128.461746
24164.062500	-128.409363
24187.500000	-128.348831
24210.937500	-128.391602
24234.375000	-128.345978
24257.812500	-128.399780
24281.250000	-128.329361
24304.687500	-128.318314
24328.125000	-128.379974
24351.562500	-128.324631
24375.000000	-128.359299
24398.437500	-128.394943
24421.875000	-128.426636
24445.312500	-128.444214
24468.750000	-128.392670
24492.187500	-128.406952
24515.625000	-128.354843
24539.062500	-128.333939
24562.500000	-128.397049
24585.937500	-128.382324
24609.375000	-128.388504
24632.812500	-128.406097
24656.250000	-128.385422
24679.687500	-128.336349
24703.125000	-128.385239
24726.562500	-128.362976
24750.000000	-128.265366
24773.437500	-128.430313
24796.875000	-128.330078
24820.312500	-128.355133
24843.750000	-128.436813
24867.187500	-128.369598
24890.625000	-128.372101
24914.062500	-128.337143
24937.500000	-128.326767
24960.937500	-128.347153
24984.375000	-128.257828
25007.812500	-128.239716
25031.250000	-128.277420
25054.687500	-128.202362
25078.125000	-128.214905
25101.562500	-128.363846
25125.000000	-128.388412
25148.437500	-128.372253
25171.875000	-128.344818
25195.312500	-128.326324
25218.750000	-128.346786
25242.187500	-128.399033
25265.625000	-128.358215
25289.062500	-128.295349
25312.500000	-128.341461
25335.937500	-128.400406
25359.375000	-128.424881
25382.812500	-128.435471
25406.250000	-128.360855
25429.687500	-128.383972
25453.125000	-128.461731
25476.562500	-128.360855
25500.000000	-128.291885
25523.437500	-128.299500
25546.875000	-128.270462
25570.312500	-128.316315
25593.750000	-128.337845
25617.187500	-128.287445
25640.625000	-128.331436
25664.062500	-128.300446
25687.500000	-128.289810
25710.937500	-128.231628
25734.375000	-128.302734
25757.812500	-128.321274
25781.250000	-128.370499
25804.687500	-128.355164
25828.125000	-128.352158
25851.562500	-128.411392
25875.000000	-128.294861
25898.437500	-128.307404
25921.875000	-128.310349
25945.312500	-128.193649
25968.750000	-128.342285
25992.187500	-128.323502
26015.625000	-128.377975
26039.062500	-128.424698
26062.500000	-128.347061
26085.937500	-128.313293
26109.375000	-128.305481
26132.812500	-128.303131
26156.250000	-128.323532
26179.687500	-128.340393
26203.125000	-128.336609
26226.562500	-128.316956
26250.000000	-128.342178
26273.437500	-128.307114
26296.875000	-128.283508
26320.312500	-128.329391
26343.750000	-128.253326
26367.187500	-128.313248
26390.625000	-128.304977
26414.062500	-128.287079
26437.500000	-128.256561
26460.937500	-128.282578
26484.375000	-128.322128
26507.812500	-128.245941
26531.250000	-128.259720
26554.687500	-128.360519
26578.125000	-128.321136
26601.562500	-128.293610
26625.000000	-128.269135
26648.437500	-128.295425
26671.875000	-128.252411
26695.312500	-128.293762
26718.750000	-128.315231
26742.187500	-128.267853
26765.625000	-128.268936
26789.062500	-128.309097
26812.500000	-128.338760
26835.937500	-128.304749
26859.375000	-128.311142
26882.812500	-128.371323
26906.250000	-128.416931
26929.687500	-128.412079
26953.125000	-128.369705
26976.562500	-128.311264
27000.000000	-128.296234
27023.437500	-128.339615
27046.875000	-128.395370
27070.312500	-128.301346
27093.750000	-128.278900
27117.187500	-128.317139
27140.625000	-128.317322
27164.062500	-128.273605
27187.500000	-128.389359
27210.937500	-128.354156
27234.375000	-128.302536
27257.812500	-128.313446
27281.250000	-128.331039
27304.687500	-128.369858
27328.125000	-128.384308
27351.562500	-128.295547
27375.000000	-128.248901
27398.437500	-128.341125
27421.875000	-128.324051
27445.312500	-128.245163
27468.750000	-128.203812
27492.187500	-128.155151
27515.625000	-128.243561
27539.062500	-128.175171
27562.500000	-128.213028
27585.937500	-128.225342
27609.375000	-128.273911
27632.812500	-128.255310
27656.250000	-128.286835
27679.687500	-128.266083
27703.125000	-128.328995
27726.562500	-128.309952
27750.000000	-128.356918
27773.437500	-128.285568
27796.875000	-128.237274
27820.312500	-128.264069
27843.750000	-128.217575
27867.187500	-128.194733
27890.625000	-128.211807
27914.062500	-128.186768
27937.500000	-128.169830
27960.937500	-128.178284
27984.375000	-128.132874
28007.812500	-128.094360
28031.250000	-128.158112
28054.687500	-128.217636
28078.125000	-128.159042
28101.562500	-128.200699
28125.000000	-128.142151
28148.437500	-128.131348
28171.875000	-128.228683
28195.312500	-128.255020
28218.750000	-128.213028
28242.187500	-128.330215
28265.625000	-128.278107
28289.062500	-128.198410
28312.500000	-128.256226
28335.937500	-128.283493
28359.375000	-128.333557
28382.812500	-128.294952
28406.250000	-128.334015
28429.687500	-128.326767
28453.125000	-128.297501
28476.562500	-128.296341
28500.000000	-128.321640
28523.437500	-128.269852
28546.875000	-128.241165
28570.312500	-128.253143
28593.750000	-128.291763
28617.187500	-128.374802
28640.625000	-128.325668
28664.062500	-128.321426
28687.500000	-128.287674
28710.937500	-128.285614
28734.375000	-128.293427
28757.812500	-128.268860
28781.250000	-128.317322
28804.687500	-128.296295
28828.125000	-128.256378
28851.562500	-128.259720
28875.000000	-128.302551
28898.437500	-128.325378
28921.875000	-128.266357
28945.312500	-128.232910
28968.750000	-128.302979
28992.187500	-128.343231
29015.625000	-128.294724
29039.062500	-128.323135
29062.500000	-128.276474
29085.937500	-128.277985
29109.375000	-128.213593
29132.812500	-128.189774
29156.250000	-128.351532
29179.687500	-128.359451
29203.125000	-128.224121
29226.562500	-128.221725
29250.000000	-128.244446
29273.437500	-128.238983
29296.875000	-128.213425
29320.312500	-128.228088
29343.750000	-128.306595
29367.187500	-128.294205
29390.625000	-128.352219
29414.062500	-128.321060
29437.500000	-128.241531
29460.937500	-128.273117
29484.375000	-128.219620
29507.812500	-128.132431
29531.250000	-128.095795
29554.687500	-128.153564
29578.125000	-128.207870
29601.562500	-128.231583
29625.000000	-128.261642
29648.437500	-128.255173
29671.875000	-128.230850
29695.312500	-128.190887
29718.750000	-128.206604
29742.187500	-128.251038
29765.625000	-128.199020
29789.062500	-128.199646
29812.500000	-128.277206
29835.937500	-128.172791
29859.375000	-128.159576
29882.812500	-128.157974
29906.250000	-128.175308
29929.687500	-128.160141
29953.125000	-128.200714
29976.562500	-128.195740
30000.000000	-128.231400
30023.437500	-128.285828
30046.875000	-128.269928
30070.312500	-128.270294
30093.750000	-128.287109
30117.187500	-128.336731
30140.625000	-128.336548
30164.062500	-128.362473
30187.500000	-128.290787
30210.937500	-128.312210
30234.375000	-128.280624
30257.812500	-128.254578
30281.250000	-128.247757
30304.687500	-128.318817
30328.125000	-128.321259
30351.562500	-128.260452
30375.000000	-128.275925
30398.437500	-128.284561
30421.875000	-128.214691
30445.312500	-128.261978
30468.750000	-128.306213
30492.187500	-128.260941
30515.625000	-128.191574
30539.062500	-128.289490
30562.500000	-128.287628
30585.937500	-128.174850
30609.375000	-128.168625
30632.812500	-128.204926
30656.250000	-128.203613
30679.687500	-128.226242
30703.125000	-128.240204
30726.562500	-128.251572
30750.000000	-128.229706
30773.437500	-128.249237
30796.875000	-128.212616
30820.312500	-128.252045
30843.750000	-128.135727
30867.187500	-128.176712
30890.625000	-128.181534
30914.062500	-128.206863
30937.500000	-128.222610
30960.937500	-128.275986
30984.375000	-128.262970
31007.812500	-128.213135
31031.250000	-128.177643
31054.687500	-128.100067
31078.125000	-128.170654
31101.562500	-128.246552
31125.000000	-128.148834
31148.437500	-128.109879
31171.875000	-128.147568
31195.312500	-128.214127
31218.750000	-128.266037
31242.187500	-128.266037
31265.625000	-128.248550
31289.062500	-128.264374
31312.500000	-128.227646
31335.937500	-128.186264
31359.375000	-128.123734
31382.812500	-128.123901
31406.250000	-128.154068
31429.687500	-128.212128
31453.125000	-128.206726
31476.562500	-128.117386
31500.000000	-128.052338
31523.437500	-128.102936
31546.875000	-128.174240
31570.312500	-128.174423
31593.750000	-128.248413
31617.187500	-128.237549
31640.625000	-128.163422
31664.062500	-128.184891
31687.500000	-128.169037
31710.937500	-128.141739
31734.375000	-128.172836
31757.812500	-128.243118
31781.250000	-128.250916
31804.687500	-128.234146
31828.125000	-128.261063
31851.562500	-128.231934
31875.000000	-128.182007
31898.437500	-128.239014
31921.875000	-128.318039
31945.312500	-128.235748
31968.750000	-128.209183
31992.187500	-128.194839
32015.625000	-128.167068
32039.062500	-128.097519
32062.500000	-128.157242
32085.937500	-128.221176
32109.375000	-128.244888
32132.812500	-128.185532
32156.250000	-128.188339
32179.687500	-128.228851
32203.125000	-128.223419
32226.562500	-128.243423
32250.000000	-128.167648
32273.437500	-128.122986
32296.875000	-128.229721
32320.312500	-128.269623
32343.750000	-128.331131
32367.187500	-128.322556
32390.625000	-128.206726
32414.062500	-128.225967
32437.500000	-128.244263
32460.937500	-128.222397
32484.375000	-128.233200
32507.812500	-128.242203
32531.250000	-128.205597
32554.687500	-128.169876
32578.125000	-128.125656
32601.562500	-128.106201
32625.000000	-128.101608
32648.437500	-128.182068
32671.875000	-128.163559
32695.312500	-128.159592
32718.750000	-128.120712
32742.187500	-128.155914
32765.625000	-128.223206
32789.062500	-128.162338
32812.500000	-128.134262
32835.937500	-128.184357
32859.375000	-128.176773
32882.812500	-128.137146
32906.250000	-128.201355
32929.687500	-128.278503
32953.125000	-128.251938
32976.562500	-128.163422
33000.000000	-128.104385
33023.437500	-128.206207
33046.875000	-128.200836
33070.312500	-128.215134
33093.750000	-128.243225
33117.187500	-128.144257
33140.625000	-128.118820
33164.062500	-128.272186
33187.500000	-128.251343
33210.937500	-128.150513
33234.375000	-128.192734
33257.812500	-128.207779
33281.250000	-128.219528
33304.687500	-128.153091
33328.125000	-128.149109
33351.562500	-128.157120
33375.000000	-128.151291
33398.437500	-128.164917
33421.875000	-128.191498
33445.312500	-128.132782
33468.750000	-128.189301
33492.187500	-128.141296
33515.625000	-128.111343
33539.062500	-128.129211
33562.500000	-128.170242
33585.937500	-128.169632
33609.375000	-128.197571
33632.812500	-128.166595
33656.250000	-128.192978
33679.687500	-128.173187
33703.125000	-128.153183
33726.562500	-128.203552
33750.000000	-128.167496
33773.437500	-128.155075
33796.875000	-128.192001
33820.312500	-128.172440
33843.750000	-128.199020
33867.187500	-128.167007
33890.625000	-128.262421
33914.062500	-128.216492
33937.500000	-128.146927
33960.937500	-128.177963
33984.375000	-128.150253
34007.812500	-128.148010
34031.250000	-128.182053
34054.687500	-128.180573
34078.125000	-128.166748
34101.562500	-128.126740
34125.000000	-128.204117
34148.437500	-128.178207
34171.875000	-128.206329
34195.312500	-128.196640
34218.750000	-128.206451
34242.187500	-128.289154
34265.625000	-128.125916
34289.062500	-128.129410
34312.500000	-128.234390
34335.937500	-128.210632
34359.375000	-128.210205
34382.812500	-128.096664
34406.250000	-128.178894
34429.687500	-128.174500
34453.125000	-128.143539
34476.562500	-128.129761
34500.000000	-128.102356
34523.437500	-128.157120
34546.875000	-128.136673
34570.312500	-128.162048
34593.750000	-128.226242
34617.187500	-128.168198
34640.625000	-128.194733
34664.062500	-128.076202
34687.500000	-128.100021
34710.937500	-128.212158
34734.375000	-128.146667
34757.812500	-128.163330
34781.250000	-128.158401
34804.687500	-128.180481
34828.125000	-128.173599
34851.562500	-128.159653
34875.000000	-128.171402
34898.437500	-128.181671
34921.875000	-128.062485
34945.312500	-128.070328
34968.750000	-128.135101
34992.187500	-128.096390
35015.625000	-128.169189
35039.062500	-128.231827
35062.500000	-128.192383
35085.937500	-128.121063
35109.375000	-128.195435
35132.812500	-128.127457
35156.250000	-128.155945
35179.687500	-128.196228
35203.125000	-128.192413
35226.562500	-128.094055
35250.000000	-128.125839
35273.437500	-128.099960
35296.875000	-128.129242
35320.312500	-128.142181
35343.750000	-128.134277
35367.187500	-128.091187
35390.625000	-128.085068
35414.062500	-128.081604
35437.500000	-128.034119
35460.937500	-128.081619
35484.375000	-128.099548
35507.812500	-128.090927
35531.250000	-128.106812
35554.687500	-128.125290
35578.125000	-128.134399
35601.562500	-128.102905
35625.000000	-128.116745
35648.437500	-128.185959
35671.875000	-128.163086
35695.312500	-128.083679
35718.750000	-128.169846
35742.187500	-128.173813
35765.625000	-128.157730
35789.062500	-128.198639
35812.500000	-128.129135
35835.937500	-128.146545
35859.375000	-128.106750
35882.812500	-128.186874
35906.250000	-128.175690
35929.687500	-128.082077
35953.125000	-128.175125
35976.562500	-128.153091
36000.000000	-128.054199
36023.437500	-128.135651
36046.875000	-128.110336
36070.312500	-128.131943
36093.750000	-128.138794
36117.187500	-128.119019
36140.625000	-128.131012
36164.062500	-128.148636
36187.500000	-128.129074
36210.937500	-128.126434
36234.375000	-128.207489
36257.812500	-128.112885
36281.250000	-128.066437
36304.687500	-128.150513
36328.125000	-128.095169
36351.562500	-128.015839
36375.000000	-128.026566
36398.437500	-128.152939
36421.875000	-128.235641
36445.312500	-128.223404
36468.750000	-128.132950
36492.187500	-128.115143
36515.625000	-128.113449
36539.062500	-128.146301
36562.500000	-128.114304
36585.937500	-128.140778
36609.375000	-128.137756
36632.812500	-128.177338
36656.250000	-128.142548
36679.687500	-128.089386
36703.125000	-128.085236
36726.562500	-128.127335
36750.000000	-128.149597
36773.437500	-128.130722
36796.875000	-128.183411
36820.312500	-128.194809
36843.750000	-128.125519
36867.187500	-128.118301
36890.625000	-128.154755
36914.062500	-128.176926
36937.500000	-128.178589
36960.937500	-128.051132
36984.375000	-128.052429
37007.812500	-128.099335
37031.250000	-128.144012
37054.687500	-128.027557
37078.125000	-128.055481
37101.562500	-128.102692
37125.000000	-128.093521
37148.437500	-128.146820
37171.875000	-128.114151
37195.312500	-128.114487
37218.750000	-128.121582
37242.187500	-128.195511
37265.625000	-128.101456
37289.062500	-128.104126
37312.500000	-128.152802
37335.937500	-128.106888
37359.375000	-128.115143
37382.812500	-128.125031
37406.250000	-128.090668
37429.687500	-128.085831
37453.125000	-128.073135
37476.562500	-128.081848
37500.000000	-128.096695
37523.437500	-128.005539
37546.875000	-128.040298
37570.312500	-128.091263
37593.750000	-128.044571
37617.187500	-128.076355
37640.625000	-128.084747
37664.062500	-128.048828
37687.500000	-128.069336
37710.937500	-128.030853
37734.375000	-128.073105
37757.812500	-128.065109
37781.250000	-128.113586
37804.687500	-128.087692
37828.125000	-128.055603
37851.562500	-128.053223
37875.000000	-128.052841
37898.437500	-128.122406
37921.875000	-128.015259
37945.312500	-128.056625
37968.750000	-128.030823
37992.187500	-128.113113
38015.625000	-128.121445
38039.062500	-128.046646
38062.500000	-128.041702
38085.937500	-128.048721
38109.375000	-128.012863
38132.812500	-128.030014
38156.250000	-127.995171
38179.687500	-127.962990
38203.125000	-128.003189
38226.562500	-127.976677
38250.000000	-127.962776
38273.437500	-127.751099
38296.875000	-127.529503
38320.312500	-127.474556
38343.750000	-127.358574
38367.187500	-127.185028
38390.625000	-127.202835
38414.062500	-127.439438
38437.500000	-127.580368
38460.937500	-127.624130
38484.375000	-127.458328
38507.812500	-127.432991
38531.250000	-127.555687
38554.687500	-127.607597
38578.125000	-127.667656
38601.562500	-127.671944
38625.000000	-127.690956
38648.437500	-127.713417
38671.875000	-127.752937
38695.312500	-127.740417
38718.750000	-127.676239
38742.187500	-127.825478
38765.625000	-127.878372
38789.062500	-127.887268
38812.500000	-127.764748
38835.937500	-127.805550
38859.375000	-127.932869
38882.812500	-127.968300
38906.250000	-127.951485
38929.687500	-127.926201
38953.125000	-127.975464
38976.562500	-127.986649
39000.000000	-127.889389
39023.437500	-128.028671
39046.875000	-127.967201
39070.312500	-127.895454
39093.750000	-127.927521
39117.187500	-127.922302
39140.625000	-127.941498
39164.062500	-127.984558
39187.500000	-128.020493
39210.937500	-128.006775
39234.375000	-127.982010
39257.812500	-128.071671
39281.250000	-128.083939
39304.687500	-128.058517
39328.125000	-128.053268
39351.562500	-127.997368
39375.000000	-127.997292
39398.437500	-128.014313
39421.875000	-128.043076
39445.312500	-127.985718
39468.750000	-127.957123
39492.187500	-128.041016
39515.625000	-128.002045
39539.062500	-128.018524
39562.500000	-127.974632
39585.937500	-127.909325
39609.375000	-127.868767
39632.812500	-127.912872
39656.250000	-127.925491
39679.687500	-127.889107
39703.125000	-127.939651
39726.562500	-128.002563
39750.000000	-127.978905
39773.437500	-127.991203
39796.875000	-127.904823
39820.312500	-127.905144
39843.750000	-127.886787
39867.187500	-127.847557
39890.625000	-127.849106
39914.062500	-127.898438
39937.500000	-127.931847
39960.937500	-127.922768
39984.375000	-128.003006
40007.812500	-128.095993
40031.250000	-128.088852
40054.687500	-128.066467
40078.125000	-127.985329
40101.562500	-128.011612
40125.000000	-128.088684
40148.437500	-128.049026
40171.875000	-128.083435
40195.312500	-128.107162
40218.750000	-127.979385
40242.187500	-127.956062
40265.625000	-127.617447
40289.062500	-127.857605
40312.500000	-128.012665
40335.937500	-128.071411
40359.375000	-128.097229
40382.812500	-128.066391
40406.250000	-128.082794
40429.687500	-128.050217
40453.125000	-128.000641
40476.562500	-127.986687
40500.000000	-127.804123
40523.437500	-127.928230
40546.875000	-128.025360
40570.312500	-128.023224
40593.750000	-127.966377
40617.187500	-127.980988
40640.625000	-128.028610
40664.062500	-127.987419
40687.500000	-127.971184
40710.937500	-127.996979
40734.375000	-128.079254
40757.812500	-128.086609
40781.250000	-128.117310
40804.687500	-128.066727
40828.125000	-128.073166
40851.562500	-128.049728
40875.000000	-128.070160
40898.437500	-128.058014
40921.875000	-128.064468
40945.312500	-128.090347
40968.750000	-128.086273
40992.187500	-128.075485
41015.625000	-128.136459
41039.062500	-128.126389
41062.500000	-127.998589
41085.937500	-128.081314
41109.375000	-128.059387
41132.812500	-128.031708
41156.250000	-128.017975
41179.687500	-128.040863
41203.125000	-128.051453
41226.562500	-128.007812
41250.000000	-128.003952
41273.437500	-128.019440
41296.875000	-128.021973
41320.312500	-128.030640
41343.750000	-128.071060
41367.187500	-128.034698
41390.625000	-128.037384
41414.062500	-128.093491
41437.500000	-128.030121
41460.937500	-128.048416
41484.375000	-128.103271
41507.812500	-128.098022
41531.250000	-128.052109
41554.687500	-128.097092
41578.125000	-128.121780
41601.562500	-128.150772
41625.000000	-128.131577
41648.437500	-128.107956
41671.875000	-128.141891
41695.312500	-128.156998
41718.750000	-128.095764
41742.187500	-128.045807
41765.625000	-128.119354
41789.062500	-128.128754
41812.500000	-128.126984
41835.937500	-128.130661
41859.375000	-128.190765
41882.812500	-128.111099
41906.250000	-128.047806
41929.687500	-128.113800
41953.125000	-128.120026
41976.562500	-128.066818
42000.000000	-127.924461
42023.437500	-128.065689
42046.875000	-128.035965
42070.312500	-128.051056
42093.750000	-128.044342
42117.187500	-128.088226
42140.625000	-128.150894
42164.062500	-128.125656
42187.500000	-128.059448
42210.937500	-128.076721
42234.375000	-128.020248
42257.812500	-128.026688
42281.250000	-128.056992
42304.687500	-128.084625
42328.125000	-128.170242
42351.562500	-128.194839
42375.000000	-128.260788
42398.437500	-128.327286
42421.875000	-128.311417
42445.312500	-128.285645
42468.750000	-128.245819
42492.187500	-128.263611
42515.625000	-128.304382
42539.062500	-128.377792
42562.500000	-128.377090
42585.937500	-128.370346
42609.375000	-128.345932
42632.812500	-128.277069
42656.250000	-128.311279
42679.687500	-128.343781
42703.125000	-128.307114
42726.562500	-128.315887
42750.000000	-128.308151
42773.437500	-128.278931
42796.875000	-128.329941
42820.312500	-128.342453
42843.750000	-128.370255
42867.187500	-128.328766
42890.625000	-128.351181
42914.062500	-128.421753
42937.500000	-128.443359
42960.937500	-128.403717
42984.375000	-128.404510
43007.812500	-128.392349
43031.250000	-128.495834
43054.687500	-128.477783
43078.125000	-128.410004
43101.562500	-128.361267
43125.000000	-128.387100
43148.437500	-128.385193
43171.875000	-128.450089
43195.312500	-128.492477
43218.750000	-128.443375
43242.187500	-128.458389
43265.625000	-128.467865
43289.062500	-128.466354
43312.500000	-128.519958
43335.937500	-128.506500
43359.375000	-128.512100
43382.812500	-128.561111
43406.250000	-128.497055
43429.687500	-128.610931
43453.125000	-128.630249
43476.562500	-128.575577
43500.000000	-128.348145
43523.437500	-128.491943
43546.875000	-128.590042
43570.312500	-128.607147
43593.750000	-128.582230
43617.187500	-128.584457
43640.625000	-128.628021
43664.062500	-128.670822
43687.500000	-128.648148
43710.937500	-128.670364
43734.375000	-128.671112
43757.812500	-128.700943
43781.250000	-128.710297
43804.687500	-128.679489
43828.125000	-128.693756
43851.562500	-128.691360
43875.000000	-128.676071
43898.437500	-128.705719
43921.875000	-128.782623
43945.312500	-128.834869
43968.750000	-128.837891
43992.187500	-128.766586
44015.625000	-128.710922
44039.062500	-128.763397
44062.500000	-128.800888
44085.937500	-128.813202
44109.375000	-128.834991
44132.812500	-128.903198
44156.250000	-128.843674
44179.687500	-128.851959
44203.125000	-128.877441
44226.562500	-128.826889
44250.000000	-128.863663
44273.437500	-128.916916
44296.875000	-128.921387
44320.312500	-128.939514
44343.750000	-128.985367
44367.187500	-128.938004
44390.625000	-128.990326
44414.062500	-129.018616
44437.500000	-129.038940
44460.937500	-128.979874
44484.375000	-128.970398
44507.812500	-128.951401
44531.250000	-128.969162
44554.687500	-129.000809
44578.125000	-129.036789
44601.562500	-129.110382
44625.000000	-129.073334
44648.437500	-129.061035
44671.875000	-129.059311
44695.312500	-129.110641
44718.750000	-129.137711
44742.187500	-129.169006
44765.625000	-129.166397
44789.062500	-129.177750
44812.500000	-129.281738
44835.937500	-129.293884
44859.375000	-129.154953
44882.812500	-129.166779
44906.250000	-129.317017
44929.687500	-129.311951
44953.125000	-129.242050
44976.562500	-129.253662
45000.000000	-129.228561
45023.437500	-129.307709
45046.875000	-129.342010
45070.312500	-129.338776
45093.750000	-129.346542
45117.187500	-129.344254
45140.625000	-129.401794
45164.062500	-129.368286
45187.500000	-129.419235
45210.937500	-129.378464
45234.375000	-129.369370
45257.812500	-129.398804
45281.250000	-129.512848
45304.687500	-129.482224
45328.125000	-129.446365
45351.562500	-129.460159
45375.000000	-129.540924
45398.437500	-129.582565
45421.875000	-129.516037
45445.312500	-129.518143
45468.750000	-129.499741
45492.187500	-129.466843
45515.625000	-129.428757
45539.062500	-129.611969
45562.500000	-129.658585
45585.937500	-129.720200
45609.375000	-129.658615
45632.812500	-129.647583
45656.250000	-129.670563
45679.687500	-129.692444
45703.125000	-129.726242
45726.562500	-129.792801
45750.000000	-129.788467
45773.437500	-129.739410
45796.875000	-129.741165
45820.312500	-129.749161
45843.750000	-129.794601
45867.187500	-129.834961
45890.625000	-129.823593
45914.062500	-129.817795
45937.500000	-129.880203
45960.937500	-129.819275
45984.375000	-129.813568
46007.812500	-129.959244
46031.250000	-129.986160
46054.687500	-129.964798
46078.125000	-129.901367
46101.562500	-129.882935
46125.000000	-129.924973
46148.437500	-129.991745
46171.875000	-130.025482
46195.312500	-130.023682
46218.750000	-130.062225
46242.187500	-129.977737
46265.625000	-130.064484
46289.062500	-130.055664
46312.500000	-129.995987
46335.937500	-130.064301
46359.375000	-130.039658
46382.812500	-130.097198
46406.250000	-130.208130
46429.687500	-130.213303
46453.125000	-130.196762
46476.562500	-130.246582
46500.000000	-130.184769
46523.437500	-130.175873
46546.875000	-130.197327
46570.312500	-130.209656
46593.750000	-130.293671
46617.187500	-130.299316
46640.625000	-130.220367
46664.062500	-130.231277
46687.500000	-130.255676
46710.937500	-130.236084
46734.375000	-130.241318
46757.812500	-130.340332
46781.250000	-130.332703
46804.687500	-130.301926
46828.125000	-130.340759
46851.562500	-130.380386
46875.000000	-130.386871
46898.437500	-130.385712
46921.875000	-130.358276
46945.312500	-130.410675
46968.750000	-130.430878
46992.187500	-130.413361
47015.625000	-130.436813
47039.062500	-130.468018
47062.500000	-130.407776
47085.937500	-130.453522
47109.375000	-130.458603
47132.812500	-130.435089
47156.250000	-130.348404
47179.687500	-130.436371
47203.125000	-130.483109
47226.562500	-130.515671
47250.000000	-130.538712
47273.437500	-130.549774
47296.875000	-130.527634
47320.312500	-130.524170
47343.750000	-130.589798
47367.187500	-130.619217
47390.625000	-130.573502
47414.062500	-130.543228
47437.500000	-130.582230
47460.937500	-130.642517
47484.375000	-130.618469
47507.812500	-130.540543
47531.250000	-130.610825
47554.687500	-130.578629
47578.125000	-130.607742
47601.562500	-130.635406
47625.000000	-130.593246
47648.437500	-130.593460
47671.875000	-130.633163
47695.312500	-130.619522
47718.750000	-130.662659
47742.187500	-130.644928
47765.625000	-130.626160
47789.062500	-130.641220
47812.500000	-130.599670
47835.937500	-130.605743
47859.375000	-130.681534
47882.812500	-130.695740
47906.250000	-130.535736
47929.687500	-130.601654
47953.125000	-130.625336
47976.562500	-130.620682
